0 0.00090003 0.602762 item-1
0 0.00183046 0.519435 item-2
0 0.00241566 0.73422 item-3
1 0.00255716 0.357847 item-4
0 0.00354946 0.90909 item-5
0 0.00574744 0.804348 item-6
0 0.00593913 0.689691 item-7
0 0.00629783 0.0751743 item-8
0 0.00635004 0.480862 item-9
1 0.00736451 0.40563 item-10
0 0.00942659 0.801707 item-11
0 0.0102581 0.69826 item-12
1 0.0103316 0.295608 item-13
0 0.011506 0.0259697 item-14
0 0.0116241 0.543177 item-15
1 0.0120126 0.352302 item-16
1 0.013842 0.132582 item-17
0 0.0152121 0.0261629 item-18
0 0.0175378 0.527014 item-19
1 0.017891 0.372972 item-20
0 0.0189327 0.0869353 item-21
0 0.019501 0.963281 item-22
1 0.0200887 0.229847 item-23
1 0.0206536 0.364899 item-24
1 0.0219018 0.289501 item-25
0 0.0229808 0.48474 item-26
0 0.0234493 0.73275 item-27
1 0.0239344 0.374872 item-28
0 0.0248984 0.437679 item-29
0 0.025564 0.641973 item-30
1 0.026436 0.153355 item-31
1 0.0288874 0.208085 item-32
0 0.0316627 0.576524 item-33
0 0.0318195 0.54579 item-34
0 0.0323533 0.0018208 item-35
0 0.0328127 0.571657 item-36
0 0.0328591 0.569243 item-37
0 0.0337098 0.100309 item-38
0 0.0360746 0.475829 item-39
0 0.0368234 0.784376 item-40
1 0.0383854 0.428619 item-41
1 0.0426732 0.295536 item-42
0 0.0441679 0.915799 item-43
0 0.0442348 0.981219 item-44
0 0.0451503 0.811084 item-45
0 0.0454974 0.749293 item-46
1 0.0455616 0.336639 item-47
1 0.0481215 0.254314 item-48
0 0.0492836 0.920627 item-49
0 0.0497026 0.663495 item-50
0 0.0514817 0.057933 item-51
0 0.0525221 0.990002 item-52
1 0.0528662 0.325683 item-53
0 0.0544531 0.508893 item-54
0 0.0550319 0.942577 item-55
1 0.0550632 0.290714 item-56
0 0.0570686 0.942098 item-57
0 0.0570987 0.610827 item-58
0 0.0571784 0.584411 item-59
0 0.057488 0.459958 item-60
0 0.0627216 0.468079 item-61
0 0.0627929 0.820085 item-62
0 0.063473 0.476637 item-63
0 0.0639467 0.726174 item-64
0 0.0643229 0.530519 item-65
0 0.0662669 0.655057 item-66
1 0.0670819 0.169476 item-67
1 0.067801 0.375448 item-68
0 0.0687299 0.850158 item-69
0 0.0692773 0.827014 item-70
0 0.0694482 0.529559 item-71
1 0.0694753 0.287431 item-72
0 0.0698991 0.783319 item-73
0 0.0704581 0.649504 item-74
1 0.0720587 0.43996 item-75
0 0.0742987 0.734311 item-76
0 0.0749379 0.567807 item-77
0 0.0753305 0.884346 item-78
1 0.0757728 0.34305 item-79
0 0.0774742 0.491868 item-80
0 0.0778155 0.771962 item-81
0 0.078415 0.148516 item-82
1 0.0799681 0.412302 item-83
0 0.0819409 0.571864 item-84
0 0.0823026 0.114486 item-85
0 0.0830319 0.69443 item-86
1 0.0839696 0.277441 item-87
0 0.0849513 0.792904 item-88
0 0.0852329 0.942662 item-89
0 0.0861039 0.0431892 item-90
1 0.0868664 0.204082 item-91
0 0.087862 0.803811 item-92
0 0.09102 0.17427 item-93
0 0.0918524 0.685283 item-94
1 0.0919644 0.34809 item-95
1 0.0925132 0.271486 item-96
0 0.0937759 0.722654 item-97
0 0.0949849 0.896488 item-98
0 0.096027 0.867149 item-99
0 0.0961373 0.136636 item-100
0 0.0967637 0.730795 item-101
1 0.0971448 0.433296 item-102
1 0.0981199 0.302829 item-103
0 0.100439 0.515192 item-104
1 0.103933 0.484532 item-105
0 0.103937 0.985724 item-106
0 0.105805 0.852455 item-107
0 0.106818 0.0747932 item-108
0 0.10836 0.779244 item-109
1 0.108643 0.387328 item-110
0 0.109194 0.0346184 item-111
0 0.11019 0.593743 item-112
1 0.112344 0.232159 item-113
1 0.113144 0.361945 item-114
0 0.11351 0.778345 item-115
1 0.114418 0.45717 item-116
0 0.114588 0.800606 item-117
1 0.11481 0.285933 item-118
1 0.116734 0.483432 item-119
1 0.117042 0.491461 item-120
0 0.120239 0.917307 item-121
0 0.120649 0.920144 item-122
1 0.120856 0.325722 item-123
1 0.120895 0.314703 item-124
1 0.121493 0.24644 item-125
1 0.12188 0.382578 item-126
0 0.12267 0.974407 item-127
0 0.123029 0.766011 item-128
0 0.123206 0.162017 item-129
0 0.126948 0.209777 item-130
0 0.129186 0.825838 item-131
1 0.129454 0.336816 item-132
0 0.130022 0.82941 item-133
0 0.130599 0.9222 item-134
0 0.132563 0.585789 item-135
1 0.134154 0.270123 item-136
1 0.134648 0.315153 item-137
0 0.138506 0.0633508 item-138
0 0.139083 0.168067 item-139
1 0.14088 0.447777 item-140
1 0.141732 0.395607 item-141
0 0.143579 0.803907 item-142
1 0.145837 0.274517 item-143
0 0.146277 0.573708 item-144
1 0.146644 0.501911 item-145
0 0.147727 0.613173 item-146
0 0.14804 0.602117 item-147
0 0.148089 0.638327 item-148
1 0.149535 0.369159 item-149
0 0.15031 0.176921 item-150
1 0.150509 0.535796 item-151
1 0.151488 0.353037 item-152
0 0.153166 0.792272 item-153
0 0.153293 0.216131 item-154
0 0.156933 0.857259 item-155
1 0.157726 0.393907 item-156
0 0.158155 0.748413 item-157
1 0.159571 0.380715 item-158
0 0.161349 0.914854 item-159
1 0.161619 0.357901 item-160
0 0.161643 0.178401 item-161
1 0.163539 0.52643 item-162
0 0.166677 0.654411 item-163
1 0.166849 0.350562 item-164
1 0.166931 0.499769 item-165
0 0.167493 0.222762 item-166
0 0.16857 0.73152 item-167
1 0.168695 0.0348476 item-168
1 0.168994 0.499107 item-169
0 0.171119 0.151981 item-170
0 0.173794 0.246008 item-171
0 0.174564 0.15321 item-172
0 0.176279 0.710387 item-173
1 0.176521 0.354046 item-174
0 0.176713 0.20937 item-175
1 0.178429 0.0498406 item-176
1 0.178777 0.549138 item-177
0 0.179884 0.12628 item-178
1 0.180106 0.518892 item-179
0 0.18199 0.252736 item-180
0 0.182337 0.632104 item-181
0 0.18261 0.686284 item-182
0 0.186056 0.136542 item-183
0 0.186665 0.843127 item-184
1 0.189627 0.0716101 item-185
0 0.194282 0.749371 item-186
0 0.19645 0.624517 item-187
0 0.197642 0.213623 item-188
1 0.198203 0.473346 item-189
0 0.201006 0.182016 item-190
0 0.201781 0.168123 item-191
1 0.202181 0.344154 item-192
0 0.202606 0.715441 item-193
1 0.204234 0.489816 item-194
1 0.204442 0.353628 item-195
0 0.204533 0.24741 item-196
0 0.204635 0.968351 item-197
1 0.20476 0.318968 item-198
1 0.205774 0.407013 item-199
1 0.206401 0.413436 item-200
0 0.206467 0.155183 item-201
0 0.207264 0.85031 item-202
1 0.208293 0.528663 item-203
0 0.208715 0.904161 item-204
0 0.209384 0.934617 item-205
1 0.210684 0.508477 item-206
0 0.210814 0.669881 item-207
0 0.210856 0.934957 item-208
0 0.211547 0.719573 item-209
0 0.213182 0.227894 item-210
1 0.213201 0.0868551 item-211
0 0.213507 0.161138 item-212
0 0.213601 0.121795 item-213
1 0.214091 0.54818 item-214
1 0.215984 0.0309597 item-215
1 0.217072 0.607228 item-216
0 0.217313 0.880437 item-217
1 0.217797 0.0912132 item-218
0 0.217987 0.843992 item-219
0 0.218765 0.297323 item-220
1 0.219888 0.0867541 item-221
0 0.222245 0.756012 item-222
0 0.223397 0.829337 item-223
1 0.225 0.566288 item-224
1 0.226925 0.0940439 item-225
1 0.228013 0.432283 item-226
0 0.229384 0.86725 item-227
0 0.229976 0.319706 item-228
0 0.230793 0.654216 item-229
0 0.232118 0.16755 item-230
1 0.233336 0.559819 item-231
0 0.233914 0.145966 item-232
1 0.234693 0.392601 item-233
0 0.236143 0.196242 item-234
1 0.236949 0.468838 item-235
0 0.237151 0.239323 item-236
1 0.237305 0.437874 item-237
1 0.23759 0.367581 item-238
0 0.238636 0.796576 item-239
1 0.239528 0.536385 item-240
0 0.240914 0.882009 item-241
0 0.241144 0.334399 item-242
1 0.244194 0.0452957 item-243
0 0.244863 0.73671 item-244
1 0.24611 0.359928 item-245
0 0.247907 0.700733 item-246
1 0.249228 0.0294142 item-247
0 0.250194 0.961793 item-248
1 0.250708 0.437564 item-249
1 0.252098 0.493085 item-250
0 0.252867 0.748279 item-251
1 0.254478 0.0105379 item-252
1 0.254792 0.442938 item-253
0 0.256517 0.998212 item-254
0 0.257235 0.857655 item-255
0 0.25807 0.830182 item-256
1 0.258339 0.612517 item-257
1 0.258589 0.107021 item-258
0 0.258689 0.784095 item-259
0 0.259237 0.718586 item-260
1 0.260273 0.607999 item-261
1 0.260311 0.600274 item-262
0 0.260674 0.951111 item-263
0 0.26215 0.718705 item-264
0 0.262922 0.706746 item-265
0 0.263624 0.788911 item-266
1 0.264121 0.00469458 item-267
1 0.265098 0.130544 item-268
0 0.265305 0.719372 item-269
0 0.266763 0.694711 item-270
0 0.266823 0.747629 item-271
1 0.267618 0.124707 item-272
1 0.269227 0.0657022 item-273
1 0.269345 0.0374143 item-274
0 0.270691 0.206385 item-275
1 0.272817 0.0835619 item-276
1 0.272864 0.152865 item-277
1 0.273216 0.0866907 item-278
0 0.273275 0.735848 item-279
0 0.274402 0.260597 item-280
0 0.274778 0.33133 item-281
1 0.276545 0.0786426 item-282
0 0.280285 0.836215 item-283
1 0.28284 0.134007 item-284
1 0.283012 0.118451 item-285
0 0.283229 0.963047 item-286
1 0.283656 0.542361 item-287
0 0.285284 0.766328 item-288
0 0.285948 0.961697 item-289
0 0.286242 0.225621 item-290
1 0.288159 0.120432 item-291
0 0.288995 0.913998 item-292
1 0.289822 0.431449 item-293
0 0.295099 0.385658 item-294
0 0.295624 0.93331 item-295
0 0.296728 0.770071 item-296
0 0.29862 0.853891 item-297
0 0.298836 0.94334 item-298
0 0.299254 0.342307 item-299
0 0.300615 0.982047 item-300
0 0.300828 0.230991 item-301
1 0.30241 0.199785 item-302
1 0.302922 0.576977 item-303
1 0.303033 0.570026 item-304
1 0.305135 0.645939 item-305
0 0.305154 0.762494 item-306
0 0.307485 0.949782 item-307
1 0.31013 0.525182 item-308
1 0.310503 0.606198 item-309
1 0.311165 0.500258 item-310
0 0.312031 0.310586 item-311
0 0.314132 0.743065 item-312
1 0.315204 0.510553 item-313
1 0.315663 0.588235 item-314
1 0.31762 0.54028 item-315
1 0.318232 0.460813 item-316
1 0.320176 0.710656 item-317
0 0.321206 0.881621 item-318
1 0.324198 0.183715 item-319
1 0.324761 0.676542 item-320
0 0.32482 0.330826 item-321
1 0.326204 0.646675 item-322
1 0.32688 0.428046 item-323
1 0.328608 0.597904 item-324
1 0.330699 0.68536 item-325
1 0.330942 0.599176 item-326
0 0.33157 0.289169 item-327
1 0.332359 0.0979741 item-328
0 0.333585 0.787025 item-329
0 0.335235 0.844584 item-330
0 0.337688 0.382535 item-331
1 0.338408 0.710497 item-332
0 0.338511 0.257361 item-333
0 0.339882 0.973401 item-334
1 0.340229 0.663869 item-335
1 0.340278 0.203579 item-336
0 0.342725 0.771705 item-337
1 0.34311 0.179089 item-338
1 0.343603 0.00238574 item-339
0 0.34624 0.983102 item-340
0 0.346834 0.879594 item-341
1 0.348071 0.22254 item-342
0 0.348562 0.936774 item-343
1 0.35026 0.0664439 item-344
1 0.351593 0.622473 item-345
0 0.352805 0.866947 item-346
1 0.353685 0.127858 item-347
1 0.353915 0.573222 item-348
1 0.354941 0.188545 item-349
1 0.357784 0.207142 item-350
1 0.357873 0.0624208 item-351
1 0.360811 0.68361 item-352
0 0.360941 0.356549 item-353
0 0.362722 0.276413 item-354
1 0.363281 0.624687 item-355
0 0.363804 0.319328 item-356
0 0.366879 0.790093 item-357
0 0.366994 0.35555 item-358
0 0.367051 0.370576 item-359
1 0.369283 0.566271 item-360
1 0.370072 0.209045 item-361
0 0.374951 0.971854 item-362
1 0.378793 0.194376 item-363
1 0.37907 0.700181 item-364
0 0.379147 0.476722 item-365
1 0.38023 0.548713 item-366
1 0.381114 0.104923 item-367
0 0.381323 0.984499 item-368
0 0.382146 0.842374 item-369
0 0.382313 0.984184 item-370
1 0.384483 0.0646309 item-371
1 0.385222 0.0637387 item-372
0 0.38634 0.404713 item-373
1 0.386467 0.546857 item-374
1 0.389359 0.598515 item-375
1 0.390211 0.717218 item-376
1 0.391767 0.530522 item-377
0 0.392353 0.42836 item-378
1 0.392602 0.541033 item-379
1 0.394281 0.0415062 item-380
0 0.394475 0.950461 item-381
1 0.394935 0.064695 item-382
1 0.39699 0.00701737 item-383
1 0.397681 0.289357 item-384
0 0.398768 0.917085 item-385
1 0.399957 0.733997 item-386
1 0.399984 0.690441 item-387
1 0.400395 0.560692 item-388
1 0.401171 0.778945 item-389
1 0.403019 0.704828 item-390
1 0.405115 0.606892 item-391
1 0.405619 0.175066 item-392
1 0.406203 0.23067 item-393
1 0.406307 0.680305 item-394
1 0.406396 0.66538 item-395
1 0.406545 0.133577 item-396
1 0.409499 0.6004 item-397
1 0.410629 0.13875 item-398
1 0.411126 0.750119 item-399
1 0.411761 0.242802 item-400
0 0.41177 0.00376618 item-401
0 0.414821 0.87339 item-402
1 0.415968 0.216877 item-403
1 0.417035 0.169589 item-404
0 0.417526 0.850142 item-405
0 0.418045 0.851148 item-406
1 0.418178 0.810591 item-407
0 0.41858 0.48138 item-408
1 0.420129 0.679426 item-409
0 0.421586 0.963784 item-410
1 0.4221 0.566037 item-411
1 0.422669 0.802203 item-412
1 0.423772 0.0330933 item-413
1 0.424288 0.129171 item-414
1 0.424824 0.111023 item-415
0 0.425359 0.90297 item-416
1 0.425415 0.222749 item-417
0 0.42561 0.882675 item-418
0 0.427204 0.382895 item-419
1 0.427386 0.549037 item-420
0 0.427638 0.414745 item-421
1 0.429773 0.604145 item-422
1 0.430351 0.670986 item-423
1 0.431549 0.219793 item-424
0 0.43271 0.406552 item-425
1 0.432845 0.294327 item-426
1 0.433626 0.562335 item-427
1 0.434507 0.702317 item-428
0 0.435806 0.365706 item-429
1 0.4403 0.68416 item-430
1 0.44084 0.739513 item-431
1 0.443622 0.297404 item-432
0 0.444348 0.00219691 item-433
1 0.44522 0.772706 item-434
1 0.445904 0.631628 item-435
1 0.446273 0.297671 item-436
0 0.447323 0.00496066 item-437
1 0.447704 0.056232 item-438
1 0.448141 0.33145 item-439
1 0.448773 0.683571 item-440
1 0.449781 0.74199 item-441
1 0.450909 0.575179 item-442
1 0.454079 0.578379 item-443
1 0.454718 0.787231 item-444
1 0.458033 0.0995305 item-445
1 0.459649 0.0999234 item-446
0 0.460426 0.411272 item-447
0 0.460966 0.47864 item-448
1 0.46382 0.66615 item-449
0 0.46393 0.526491 item-450
1 0.463966 0.667432 item-451
1 0.46483 0.17124 item-452
1 0.466454 0.141178 item-453
1 0.467444 0.344654 item-454
1 0.467708 0.590505 item-455
1 0.467942 0.210608 item-456
1 0.468433 0.616424 item-457
0 0.469663 0.437502 item-458
1 0.470607 0.151968 item-459
0 0.471791 0.042858 item-460
0 0.472491 0.0457851 item-461
1 0.472578 0.72601 item-462
1 0.473251 0.214593 item-463
1 0.474401 0.859462 item-464
1 0.474902 0.740477 item-465
1 0.475221 0.610785 item-466
0 0.47536 0.465347 item-467
0 0.476845 0.897766 item-468
1 0.478262 0.29802 item-469
1 0.479675 0.300688 item-470
1 0.480962 0.699643 item-471
1 0.481156 0.691524 item-472
1 0.481506 0.37409 item-473
1 0.483308 0.70618 item-474
1 0.483632 0.23912 item-475
1 0.484834 0.268048 item-476
1 0.484905 0.660997 item-477
1 0.484991 0.799075 item-478
1 0.485212 0.876345 item-479
1 0.48573 0.881592 item-480
1 0.485767 0.279501 item-481
0 0.485997 0.0115368 item-482
1 0.487568 0.235879 item-483
1 0.489283 0.857356 item-484
0 0.49073 0.538809 item-485
0 0.492092 0.0286998 item-486
0 0.492633 0.437736 item-487
1 0.492787 0.748654 item-488
1 0.493826 0.14198 item-489
1 0.494367 0.196743 item-490
0 0.496426 0.961241 item-491
1 0.497407 0.825462 item-492
1 0.498142 0.261067 item-493
1 0.499048 0.874262 item-494
0 0.501602 0.922264 item-495
1 0.501719 0.76439 item-496
0 0.502277 0.973377 item-497
0 0.503647 0.508634 item-498
0 0.506008 0.92385 item-499
1 0.506707 0.722296 item-500
1 0.507334 0.705331 item-501
1 0.50978 0.823042 item-502
1 0.510711 0.321885 item-503
0 0.511492 0.027169 item-504
1 0.511843 0.166448 item-505
1 0.515353 0.412356 item-506
1 0.51541 0.879032 item-507
1 0.516521 0.68877 item-508
1 0.516593 0.823871 item-509
0 0.51669 0.515547 item-510
1 0.518476 0.279168 item-511
0 0.519709 0.0804659 item-512
0 0.519888 0.616282 item-513
1 0.520536 0.861316 item-514
1 0.521241 0.85855 item-515
0 0.521327 0.468485 item-516
0 0.521524 0.940202 item-517
1 0.521662 0.209307 item-518
1 0.522032 0.122831 item-519
1 0.522275 0.32234 item-520
1 0.523543 0.263693 item-521
0 0.523778 0.542121 item-522
1 0.523916 0.680485 item-523
1 0.525233 0.84944 item-524
1 0.526012 0.220217 item-525
0 0.530869 0.620112 item-526
1 0.532761 0.918323 item-527
1 0.533314 0.251048 item-528
1 0.533601 0.431427 item-529
0 0.533912 0.0318134 item-530
1 0.534046 0.667407 item-531
1 0.535191 0.904272 item-532
0 0.535793 0.604939 item-533
0 0.53654 0.492965 item-534
1 0.537298 0.400751 item-535
0 0.539333 0.999847 item-536
0 0.53951 0.585328 item-537
1 0.541214 0.719744 item-538
0 0.542671 0.494549 item-539
1 0.545512 0.224432 item-540
1 0.545673 0.724451 item-541
1 0.545693 0.195445 item-542
0 0.546368 0.550722 item-543
0 0.546634 0.997374 item-544
0 0.548399 0.574906 item-545
1 0.548419 0.78912 item-546
1 0.54846 0.173786 item-547
0 0.549552 0.0928911 item-548
0 0.549585 0.594572 item-549
1 0.5504 0.919664 item-550
0 0.550432 0.57671 item-551
0 0.550443 0.61045 item-552
0 0.550644 0.0290376 item-553
0 0.551033 0.982606 item-554
1 0.551924 0.309714 item-555
1 0.552462 0.70554 item-556
1 0.553535 0.351856 item-557
0 0.553817 0.569286 item-558
0 0.553888 0.000969887 item-559
0 0.554342 0.0321629 item-560
1 0.554882 0.69664 item-561
0 0.555279 0.0280907 item-562
1 0.555574 0.851988 item-563
0 0.555753 0.631564 item-564
1 0.555954 0.371726 item-565
0 0.557179 0.650011 item-566
1 0.55829 0.766468 item-567
0 0.558906 0.463859 item-568
1 0.559262 0.254183 item-569
1 0.560166 0.395705 item-570
1 0.560207 0.839366 item-571
1 0.560507 0.872573 item-572
0 0.561252 0.147851 item-573
1 0.561948 0.794359 item-574
1 0.566034 0.429185 item-575
0 0.56691 0.115437 item-576
0 0.570495 0.509027 item-577
0 0.570668 0.586901 item-578
0 0.572277 0.0426484 item-579
0 0.572604 0.00857437 item-580
1 0.572764 0.337172 item-581
0 0.572945 0.0457506 item-582
0 0.573013 0.0420959 item-583
1 0.573884 0.926106 item-584
1 0.574823 0.375433 item-585
1 0.577359 0.37598 item-586
0 0.578525 0.167367 item-587
1 0.579006 0.231235 item-588
1 0.579626 0.818683 item-589
1 0.58083 0.810926 item-590
1 0.58447 0.344039 item-591
0 0.584715 0.551061 item-592
1 0.584785 0.971825 item-593
1 0.58562 0.368936 item-594
1 0.587821 0.901872 item-595
1 0.588568 0.249862 item-596
1 0.591496 0.871964 item-597
1 0.592147 0.747748 item-598
0 0.592482 0.620203 item-599
1 0.593771 0.402294 item-600
1 0.594193 0.73165 item-601
1 0.59576 0.841411 item-602
1 0.59722 0.426403 item-603
1 0.59766 0.209873 item-604
0 0.598264 0.682557 item-605
0 0.59856 0.528844 item-606
1 0.600041 0.4859 item-607
1 0.604889 0.40099 item-608
1 0.605845 0.279142 item-609
0 0.607315 0.175627 item-610
0 0.607831 0.170851 item-611
1 0.609106 0.875199 item-612
1 0.609891 0.298064 item-613
1 0.610108 0.386477 item-614
0 0.610197 0.19772 item-615
1 0.610587 0.47132 item-616
0 0.61488 0.0347956 item-617
1 0.616189 0.728199 item-618
0 0.617797 0.574032 item-619
1 0.618307 0.948312 item-620
1 0.619791 0.268281 item-621
1 0.62119 0.504357 item-622
0 0.621855 0.533469 item-623
1 0.623182 0.832265 item-624
1 0.623425 0.43709 item-625
0 0.624978 0.71992 item-626
1 0.62663 0.804877 item-627
1 0.627191 0.763796 item-628
1 0.627665 0.960689 item-629
1 0.62915 0.990451 item-630
0 0.629915 0.17215 item-631
0 0.630197 0.0142965 item-632
1 0.630715 0.374328 item-633
0 0.63534 0.126714 item-634
0 0.635343 0.201602 item-635
1 0.636086 0.463278 item-636
0 0.637647 0.729568 item-637
0 0.637769 0.0941077 item-638
1 0.639528 0.822244 item-639
1 0.640679 0.289978 item-640
1 0.64189 0.311098 item-641
0 0.642434 0.642017 item-642
0 0.64284 0.217204 item-643
1 0.643577 0.421498 item-644
1 0.644981 0.482888 item-645
1 0.645676 0.849868 item-646
0 0.646779 0.736867 item-647
1 0.64699 0.411355 item-648
1 0.647267 0.828973 item-649
0 0.647328 0.187024 item-650
0 0.648145 0.657668 item-651
0 0.65052 0.624148 item-652
0 0.650724 0.687454 item-653
0 0.651184 0.674165 item-654
0 0.651948 0.226109 item-655
0 0.652327 0.71519 item-656
0 0.652486 0.0892026 item-657
0 0.655681 0.671201 item-658
1 0.657389 0.782131 item-659
1 0.659119 0.527784 item-660
1 0.65973 0.556129 item-661
1 0.660446 0.982899 item-662
0 0.661155 0.652291 item-663
0 0.662323 0.631982 item-664
0 0.664027 0.0927769 item-665
1 0.66881 0.339783 item-666
1 0.669484 0.330898 item-667
1 0.670565 0.910904 item-668
1 0.671371 0.950062 item-669
1 0.672285 0.290787 item-670
1 0.673684 0.337749 item-671
1 0.67454 0.953979 item-672
0 0.677006 0.104648 item-673
1 0.677362 0.921785 item-674
0 0.678328 0.265179 item-675
0 0.679383 0.0753919 item-676
0 0.681961 0.635327 item-677
1 0.684453 0.423136 item-678
1 0.686216 0.950891 item-679
1 0.687331 0.992002 item-680
0 0.687546 0.277812 item-681
1 0.687688 0.451995 item-682
1 0.689246 0.483547 item-683
1 0.689476 0.842278 item-684
1 0.689502 0.485739 item-685
0 0.68974 0.0174074 item-686
1 0.693127 0.479629 item-687
1 0.698285 0.304603 item-688
1 0.698296 0.428999 item-689
1 0.698458 0.566406 item-690
1 0.699426 0.344776 item-691
0 0.699658 0.177274 item-692
0 0.70348 0.115474 item-693
0 0.704152 0.0701993 item-694
0 0.704771 0.0119532 item-695
1 0.706111 0.470417 item-696
0 0.707824 0.189193 item-697
1 0.707851 0.503283 item-698
0 0.708184 0.142518 item-699
0 0.70933 0.256131 item-700
1 0.711088 0.829092 item-701
1 0.71158 0.813823 item-702
0 0.713894 0.129154 item-703
1 0.71436 0.922462 item-704
1 0.715007 0.380013 item-705
0 0.716196 0.144724 item-706
1 0.718023 0.434825 item-707
1 0.719472 0.600323 item-708
1 0.719822 0.525372 item-709
1 0.720335 0.599246 item-710
1 0.72038 0.827324 item-711
0 0.720387 0.251311 item-712
0 0.72069 0.320241 item-713
0 0.721118 0.640884 item-714
0 0.721601 0.122898 item-715
0 0.722094 0.000484705 item-716
1 0.723326 0.540054 item-717
1 0.72343 0.950373 item-718
1 0.725126 0.400644 item-719
0 0.725553 0.0360086 item-720
0 0.726775 0.0148818 item-721
1 0.727522 0.340442 item-722
1 0.729671 0.356139 item-723
0 0.730652 0.26099 item-724
1 0.731312 0.951644 item-725
1 0.731721 0.399081 item-726
1 0.732091 0.949074 item-727
1 0.733953 0.892897 item-728
0 0.735285 0.0171025 item-729
1 0.735353 0.345823 item-730
0 0.736425 0.701391 item-731
0 0.737015 0.689344 item-732
0 0.738185 0.170848 item-733
0 0.73939 0.740104 item-734
0 0.742602 0.799513 item-735
1 0.745023 0.544558 item-736
1 0.747045 0.608989 item-737
0 0.749578 0.157369 item-738
0 0.750238 0.270617 item-739
1 0.75068 0.426635 item-740
0 0.750892 0.239189 item-741
0 0.75101 0.814295 item-742
1 0.751332 0.880799 item-743
0 0.752077 0.84836 item-744
1 0.753516 0.907462 item-745
1 0.753632 0.387383 item-746
0 0.754565 0.659067 item-747
0 0.755009 0.669674 item-748
1 0.755937 0.87294 item-749
0 0.757322 0.195681 item-750
0 0.757467 0.813037 item-751
0 0.759106 0.674566 item-752
1 0.759627 0.440483 item-753
0 0.759744 0.291327 item-754
0 0.760003 0.16092 item-755
0 0.761208 0.665642 item-756
0 0.761289 0.725944 item-757
1 0.761468 0.543922 item-758
1 0.761991 0.533592 item-759
1 0.76369 0.42022 item-760
1 0.764417 0.91004 item-761
0 0.764738 0.735204 item-762
1 0.764944 0.63249 item-763
0 0.767375 0.0250311 item-764
0 0.768105 0.766053 item-765
1 0.768363 0.868924 item-766
1 0.769875 0.976578 item-767
1 0.770783 0.960829 item-768
0 0.771407 0.821858 item-769
0 0.771901 0.834857 item-770
0 0.772059 0.0878912 item-771
0 0.772864 0.281633 item-772
0 0.773214 0.0618805 item-773
1 0.776024 0.999002 item-774
1 0.777037 0.381795 item-775
0 0.777709 0.276408 item-776
1 0.777818 0.624105 item-777
1 0.778111 0.895854 item-778
0 0.779041 0.699245 item-779
1 0.779359 0.595263 item-780
0 0.779632 0.344935 item-781
0 0.779938 0.120498 item-782
1 0.783211 0.964858 item-783
1 0.783538 0.991888 item-784
1 0.784684 0.477248 item-785
1 0.785001 0.938462 item-786
0 0.785266 0.0077976 item-787
0 0.786546 0.159106 item-788
1 0.790209 0.545662 item-789
0 0.79042 0.743011 item-790
1 0.790492 0.933808 item-791
0 0.792469 0.814652 item-792
0 0.792535 0.114866 item-793
1 0.793094 0.466171 item-794
0 0.793987 0.374501 item-795
0 0.79415 0.155195 item-796
0 0.796041 0.30824 item-797
0 0.798065 0.726266 item-798
0 0.798278 0.0272385 item-799
0 0.799055 0.00870895 item-800
0 0.799276 0.213648 item-801
1 0.800241 0.682166 item-802
0 0.800499 0.371992 item-803
1 0.8005 0.42575 item-804
1 0.801041 0.937795 item-805
0 0.804462 0.0109613 item-806
0 0.804588 0.195132 item-807
1 0.804727 0.906934 item-808
0 0.805966 0.298014 item-809
1 0.806026 0.447683 item-810
0 0.806352 0.904428 item-811
0 0.806651 0.0995735 item-812
0 0.806716 0.267663 item-813
0 0.809268 0.0584488 item-814
0 0.81053 0.0121728 item-815
0 0.811456 0.291323 item-816
1 0.812132 0.576428 item-817
0 0.81232 0.157776 item-818
0 0.813059 0.884848 item-819
0 0.813278 0.745591 item-820
1 0.81376 0.475009 item-821
0 0.814258 0.254027 item-822
0 0.814872 0.873586 item-823
1 0.816921 0.59942 item-824
0 0.817491 0.150645 item-825
1 0.817876 0.432884 item-826
0 0.820098 0.832347 item-827
1 0.820249 0.926537 item-828
0 0.821128 0.377972 item-829
1 0.822921 0.611417 item-830
1 0.824538 0.693461 item-831
0 0.828151 0.193484 item-832
1 0.830389 0.941222 item-833
0 0.830418 0.0959848 item-834
1 0.832025 0.652103 item-835
0 0.832425 0.337651 item-836
1 0.832435 0.644003 item-837
1 0.833394 0.590128 item-838
1 0.835101 0.972474 item-839
1 0.835404 0.94027 item-840
1 0.836452 0.54233 item-841
0 0.837934 0.422757 item-842
1 0.840027 0.449015 item-843
1 0.840861 0.682911 item-844
0 0.842881 0.19318 item-845
1 0.843047 0.555102 item-846
0 0.844197 0.306539 item-847
0 0.845279 0.349535 item-848
1 0.845429 0.691947 item-849
0 0.845684 0.196506 item-850
0 0.846221 0.15764 item-851
1 0.846539 0.682361 item-852
1 0.847767 0.720969 item-853
1 0.849359 0.594868 item-854
1 0.849563 0.525005 item-855
0 0.849912 0.16645 item-856
0 0.850019 0.254251 item-857
1 0.850878 0.535243 item-858
0 0.854411 0.434397 item-859
1 0.856353 0.662514 item-860
0 0.856886 0.395959 item-861
1 0.857001 0.52118 item-862
0 0.857211 0.106725 item-863
1 0.857351 0.747747 item-864
0 0.85839 0.176484 item-865
0 0.858398 0.830757 item-866
0 0.858974 0.330686 item-867
1 0.859789 0.749747 item-868
1 0.862114 0.558745 item-869
0 0.862743 0.0053829 item-870
0 0.862767 0.0277292 item-871
1 0.863303 0.616383 item-872
1 0.864962 0.758718 item-873
1 0.866857 0.705417 item-874
1 0.868923 0.69936 item-875
0 0.871059 0.35294 item-876
0 0.875093 0.226478 item-877
1 0.87561 0.607486 item-878
0 0.879853 0.835117 item-879
0 0.881815 0.00925112 item-880
0 0.882739 0.788989 item-881
0 0.883398 0.965515 item-882
0 0.884552 0.253295 item-883
0 0.886862 0.98643 item-884
0 0.887475 0.200886 item-885
0 0.889014 0.241068 item-886
1 0.889351 0.788839 item-887
0 0.892061 0.330548 item-888
1 0.897224 0.998202 item-889
0 0.897794 0.00417101 item-890
0 0.897944 0.445547 item-891
0 0.898477 0.144951 item-892
1 0.90032 0.727085 item-893
1 0.901241 0.743365 item-894
0 0.901399 0.322293 item-895
1 0.901884 0.695662 item-896
1 0.903343 0.707323 item-897
1 0.903364 0.72097 item-898
0 0.903692 0.968843 item-899
0 0.906476 0.140754 item-900
0 0.907524 0.349414 item-901
0 0.909116 0.438852 item-902
0 0.912577 0.236256 item-903
0 0.91416 0.0607717 item-904
0 0.915894 0.0241671 item-905
0 0.916317 0.380048 item-906
0 0.916863 0.0256784 item-907
1 0.918055 0.6796 item-908
0 0.918306 0.172342 item-909
1 0.918468 0.577763 item-910
0 0.919432 0.211361 item-911
0 0.921094 0.207251 item-912
0 0.921731 0.0100056 item-913
0 0.924865 0.841486 item-914
1 0.925967 0.787419 item-915
0 0.926513 0.237951 item-916
0 0.926638 0.432529 item-917
1 0.927055 0.787792 item-918
0 0.929512 0.0185107 item-919
0 0.9302 0.0996422 item-920
1 0.93028 0.557513 item-921
1 0.930286 0.540444 item-922
1 0.931593 0.687533 item-923
1 0.932377 0.63345 item-924
1 0.932617 0.535545 item-925
0 0.932677 0.311303 item-926
1 0.935584 0.618984 item-927
0 0.935949 0.30061 item-928
0 0.936577 0.346115 item-929
0 0.936675 0.209887 item-930
1 0.936697 0.605782 item-931
1 0.93842 0.825709 item-932
0 0.938606 0.891831 item-933
0 0.939341 0.0144302 item-934
0 0.940149 0.346231 item-935
0 0.940521 0.113131 item-936
1 0.940819 0.776741 item-937
0 0.941314 0.852559 item-938
0 0.941469 0.204275 item-939
1 0.941957 0.646518 item-940
1 0.942168 0.701775 item-941
0 0.942231 0.902717 item-942
1 0.943158 0.688882 item-943
1 0.943864 0.774184 item-944
1 0.944904 0.722564 item-945
0 0.945083 0.923046 item-946
0 0.945966 0.910349 item-947
1 0.945995 0.789897 item-948
0 0.946087 0.237045 item-949
0 0.948713 0.228576 item-950
1 0.948789 0.610633 item-951
1 0.948858 0.847526 item-952
0 0.950234 0.946175 item-953
0 0.953492 0.942869 item-954
0 0.953731 0.52881 item-955
0 0.953821 0.0433476 item-956
1 0.955643 0.670485 item-957
0 0.956345 0.157678 item-958
0 0.956572 0.948688 item-959
0 0.956781 0.0844526 item-960
1 0.958236 0.838258 item-961
0 0.958441 0.210912 item-962
0 0.959649 0.948329 item-963
1 0.960124 0.819268 item-964
1 0.961499 0.81752 item-965
0 0.961976 0.0563426 item-966
1 0.963356 0.681544 item-967
0 0.964612 0.488219 item-968
1 0.965014 0.704172 item-969
1 0.966764 0.756902 item-970
1 0.96842 0.85735 item-971
0 0.968546 0.303046 item-972
1 0.96856 0.645374 item-973
1 0.96923 0.592733 item-974
0 0.971276 0.925094 item-975
0 0.974725 0.189193 item-976
1 0.975637 0.725613 item-977
1 0.978085 0.692462 item-978
1 0.979488 0.606025 item-979
0 0.98136 0.505608 item-980
1 0.981955 0.757558 item-981
0 0.983575 0.0269424 item-982
1 0.984483 0.737738 item-983
1 0.985754 0.68581 item-984
1 0.987477 0.7542 item-985
0 0.987727 0.275982 item-986
1 0.988911 0.740774 item-987
0 0.990386 0.16455 item-988
1 0.990475 0.700867 item-989
0 0.991423 0.0356038 item-990
0 0.991523 0.562893 item-991
0 0.992545 0.419883 item-992
0 0.99499 0.551941 item-993
0 0.995987 0.442589 item-994
0 0.996361 0.967861 item-995
1 0.996364 0.735779 item-996
0 0.998093 0.147916 item-997
0 0.999411 0.584531 item-998
0 0.999541 0.0355989 item-999
1 0.999938 0.711216 item-1000
